-------------------------------------------------------------------
15476.6
15168.8
16873.6
16432.1
15910.1
15163.2
15114.9
15634.2
15720.2
15658.4
15303.6
15242.4
15620
15181.3
16386.4
16390.4
15465.9
15948.3
16151.9
16357.5
15464.2
15267.9
15326.1
15793.6
15944.2
16499.8
15626.1
15557.9
15071.6
15151.3
16558.3
15980.7
15250.8
15363.7
15898.6
15774.3
15131.8
15853.8
15708.1
15949.1
16046
16504
17120.3
16046.2
15770
16108.9
15812.6
14879.7
15616.8
15836.5
Time: 55.6861
-------------------------------------------------------------------
-------------------------------------------------------------------
15934.5
16651.5
16081.9
16617.5
15532.9
15362.9
16364.3
15309.2
15196.2
14754.5
15816.2
16478.2
15586.9
15581.9
15388
16359.8
15809.2
16298.9
15396.4
15306.7
15912.6
15392
15896.3
15079.1
15452.6
16288.4
15478.2
15740.5
15985.9
15623.7
15647.5
15698
14609.1
16561.2
15629.8
14973.4
16507.3
14974.2
15515.3
16316.9
16716.1
15523
15061.3
15729.6
15525.9
15764.9
15563.9
16445.7
16260.6
15647.3
Time: 55.091
-------------------------------------------------------------------
-------------------------------------------------------------------
16006.1
16077.5
15948.5
16296.1
15881
16149.2
15726.4
15809.1
15968.1
15728.5
16029.7
16861.3
15719.6
16602.8
15966.5
15763.8
17006.7
15870.8
16655.2
16768.8
15632.3
16658
15636.4
15699.3
16498.9
16016.8
16099.2
16335.9
16472.5
15963.3
16166.4
16519.4
15828.5
15613.3
15667.8
15682.5
15638.4
16685.3
15634.2
16141.8
15915.7
15827.7
16376.3
16501.7
16567.5
15772
16321.9
15995
15992
16485.2
Time: 2.29008
-------------------------------------------------------------------
-------------------------------------------------------------------
18348.5
18298.4
18281.8
18409.6
18296.7
18381.8
18404.4
18399.5
18435.2
18417
18315.7
18535.2
18422.6
18523
18276.4
18276
18489
18322.2
18276.8
18413.8
18309.1
18287.9
18281.8
18267.4
18369.9
18412.7
18444.1
18307.2
18273.3
18309.9
18421.9
18314.6
18423
18427.4
18350.7
18282.8
18316.5
18356.2
18506.7
18274
18355
18394.9
18322.4
18340.4
18368.8
18357.8
18508.8
18271
18356
18420.1
Time: 37.2007
-------------------------------------------------------------------
-------------------------------------------------------------------
15681.8
15514.1
15663.6
16785.2
15498.5
15737.7
14918.4
15086.4
15398.9
16130.2
15767.9
15618.6
16503.7
15525.7
16102.3
19366.7
15047.8
15709.5
15519.2
16262.1
15088.7
15048.3
14774.2
14908.4
15115.2
15488.1
15138.3
15670.3
16080.7
16562.3
15347.2
16499
15301
16343.1
15650
14725.4
15360.5
16439.1
15672.7
16314.7
15698.4
16046.7
14899
15336.3
15388.3
15236.8
16557.6
15645.3
16312.4
14351.6
Time: 66.1238
-------------------------------------------------------------------
-------------------------------------------------------------------
15256.5
16564.7
15514.6
14726.3
16016.6
15115
15157.6
15729.9
15819.1
16284.7
16017
15367.4
16547.5
17128.9
16773
15796.3
15381.5
16144.6
15814.5
15308.9
15423.6
14678.8
14782.1
15393.6
14984
15180.5
15854.8
15137.9
15301.1
15925.5
15787.8
15081.6
15983.1
16170.5
15426.5
15402.8
16087.6
16497.3
15763.4
15608.6
14930.8
14844.9
15667.2
15584.6
16489.8
16309.7
15574.9
15415.7
16232.4
16068.5
Time: 57.7486
-------------------------------------------------------------------
-------------------------------------------------------------------
15008.5
16379.7
15771.5
15524.9
16197.6
16196.4
15037.8
15047.7
16458.4
16046.4
15926.8
15778.5
15148.3
15216.3
15644.7
15326.8
15275.8
19366.7
15695.9
14960.6
15668.3
15394.5
15579.8
16449.9
15192.2
15176.1
15961.9
15932.4
15898.4
16007.2
15316.1
16598.1
16192
16368.8
15671.8
16224.2
16315.2
15432.4
15691.2
15462.9
16160.2
15430.6
16110.7
16239.6
15390.2
15566.8
14880.4
14973.6
15211.6
14650.9
Time: 64.5835
-------------------------------------------------------------------
