-------------------------------------------------------------------
16185.7
15375.8
15012.9
15738
15684.7
16012.2
15303.2
15852.7
14839.4
14701.3
14840.6
15371.7
15546.6
15203.7
15200.3
15604.2
16058.2
15114.3
15968.4
15542.2
15212.2
15159.7
15259
15364
15630.4
15262.6
16290.4
15718.2
15156.9
14793.1
14961.9
15813.5
15352.4
14909.3
15304.1
16209.9
15953.1
15818
15923.1
15270.2
15348.1
15441.6
16217.9
15363.2
15653.6
15526.7
16117
15255.4
15641
15269.3
Time: 55.9934
-------------------------------------------------------------------
-------------------------------------------------------------------
16033.9
17024.8
15381.7
15269.2
15719.6
14871.7
16012.5
15160.9
16307.4
16412.8
15488.8
16565.4
17335.8
16739.3
15803.9
15919.4
16946.5
15919.9
15427.9
15895.1
15306.6
15223
16173.8
15546.8
16329.8
16227
15860.1
16405.9
15935.5
15762.2
16479.1
15527.9
15531.3
15660.7
16827.5
15374.4
15627.4
15639.2
16958.3
16585.8
15921.5
15707
16187.5
16492
15392.2
15810.5
16112.8
16045.1
15389.9
16558.1
Time: 54.7858
-------------------------------------------------------------------
-------------------------------------------------------------------
15746.6
15827
16173
16620.3
16772.3
16573
16894.2
16321.9
16126.2
15808.6
15773.3
16589.3
16321.3
16205.8
16931.6
16828.6
16320.8
15760.8
16681.6
16237.1
16113
16413.5
17151.6
15696.7
16761.8
16541.8
15713.6
16069.7
15732.3
16911.8
16461.1
15686.7
16835.1
15878.3
16050.1
15869.9
16649.9
16036.3
15902.2
16273.8
16584.7
15744.7
16053.8
17148.2
15830.7
15959.8
16305
16462.4
16034.5
16647.3
Time: 2.3075
-------------------------------------------------------------------
-------------------------------------------------------------------
18224.6
18300
18279.1
18341.5
18228.1
18255
18218.4
18229.5
18216.1
18387
18311.9
18189.8
18259.7
18239.7
18310.5
18194
18297.8
18187.2
18213.1
18283.2
18249.4
18373
18231.6
18191.8
18212.5
18192.7
18325
18184.6
18190.7
18191.7
18207.5
18241.8
18191.6
18243.8
18264.8
18346.9
18193.5
18309.6
18307.9
18217.2
18220.9
18217.9
18323.2
18261.6
18247.1
18251.2
18268.4
18228.7
18195.4
18349.2
Time: 37.0165
-------------------------------------------------------------------
-------------------------------------------------------------------
15783.8
16089.9
16077.4
15767.1
15038.9
16274.2
16263.9
19360.1
15622.8
15310.5
15490.8
16211
14903.8
14806.4
15625.7
15501.8
15755
16110.3
14826.3
15290.7
15683.1
15098.8
15449.2
16545.3
15826.4
15983.5
15966.4
15548.7
16355.4
15075.2
15948.5
15714.2
15401.1
16392.8
15253.6
15287.4
15256.5
15097.5
15951.7
14872.6
16748.6
15186.3
15641.9
15535.9
15824.3
15451.1
15204.7
14363.5
15929.2
15023.1
Time: 66.6217
-------------------------------------------------------------------
-------------------------------------------------------------------
15906.9
14929.5
17065.6
15788.9
16642.7
16390.3
14982.8
15188.1
15988.3
16346.8
15593.2
15771.2
16692.9
16179.9
15315.7
15394.8
15103.6
15999.3
16399.3
15628.6
16213.2
15312.6
16318.1
15644.5
15477.1
16493.2
15119.3
16129.5
14762.8
15917.6
15539.8
15237.2
16718.1
16162.7
15292.5
16181.9
15424.5
15537.4
16343.8
16101.6
15783.5
15324.4
16237.6
15084.6
15707.4
15720.1
15922.7
16238.4
15559.3
16179.3
Time: 58.3862
-------------------------------------------------------------------
-------------------------------------------------------------------
15369.6
16247.9
16212.6
15932.9
15240.7
15368.1
14890.1
15080
16038.9
16830.1
16002
14927.1
15949
14646.8
16012.4
16151.6
14931.1
15755.9
15133.8
15992.8
16602.5
15583.5
16457.7
16349.6
15137.8
15026.2
15564
16102.1
15255.7
14997.8
15459.6
15671.6
15923.7
15713
19360.1
14830.5
16265.8
16389.5
16032.1
16301.3
15528.4
15542.4
15825
15043
15557
15912.2
16322.6
16383.3
15871.5
14916.7
Time: 64.997
-------------------------------------------------------------------
