-------------------------------------------------------------------
15845.5
15588
14826.4
15397.5
15575.9
16009.5
15675.7
15104.3
15638.9
15780.2
14955.5
15188.1
15652.6
15433.4
15591.4
15673.2
15705.8
16604.9
15148.8
15484.9
15561.9
16868.8
15752.2
16027.8
15761.9
15174.6
15185.4
16254.4
15854.7
16430.2
16146.8
15711.5
14772.6
14845.8
14684.1
16019.7
16002.2
15247.9
15601.6
15785.5
15104
15404.8
15306.1
15623.1
15382.4
15343.5
14966.4
15428.1
15185.8
16270
Time: 55.8679
-------------------------------------------------------------------
-------------------------------------------------------------------
15649.9
15303.1
16440.5
15584
15256.7
15084.5
15200.9
15634.7
15443.6
15414.8
14949.5
14970.1
15684.6
15659.8
15317.6
15667.1
15244.6
14944.6
15711.1
15382.2
15994.9
16369.9
15160.1
15571.5
15821.9
15589.7
16148
16280.8
15116.9
15948.2
16016.2
15534.1
15303.4
15670.6
16152.3
15834
15095.6
16097.7
15293.1
15210.5
15807.3
15965.2
14913.6
15161.5
15257.5
16605.1
15491.4
16036.9
16452.5
16178.6
Time: 55.2128
-------------------------------------------------------------------
-------------------------------------------------------------------
17126
15791.6
16182.2
16226.5
15872.4
17182.8
15925.7
15977.4
16580.5
16366.6
16228
15643.7
15906.4
16187.5
15916.4
15698.7
16040.6
16458.3
16212.5
15672.4
16668.5
16621.5
15868.5
16511.3
16619.1
15665.5
15972.2
15912.5
16951.4
15686.7
15734.3
16098.2
16707.1
15740.6
16127.5
16030.7
16279.5
15854.1
16606.7
16400.5
16296.2
16520.1
15858.7
15895.9
16834.9
15844.8
16367.6
16379
15809.5
15678.1
Time: 2.2923
-------------------------------------------------------------------
-------------------------------------------------------------------
18269.5
18262.1
18316.7
18291.3
18252
18332
18305.2
18255.6
18307.7
18258.3
18310.9
18308.7
18430
18389.7
18244.5
18347.6
18360.8
18329.3
18257.2
18299.1
18361.9
18292.6
18346.5
18253.1
18468.8
18294.4
18260.2
18457.8
18339
18376.8
18270.6
18379
18250.7
18280.1
18311.7
18387.1
18299.9
18319.2
18261.6
18312.7
18313.7
18278.9
18359.5
18329.9
18262.1
18313.5
18274
18561.9
18378.2
18473.3
Time: 37.1773
-------------------------------------------------------------------
-------------------------------------------------------------------
15545.1
15296.3
14874.2
15715.3
14703.7
15954.4
15286.4
15052.1
14855
15189.1
15353.7
15934
15751.7
19477.3
15469.6
15791
16251
15983.6
15150
14788.9
16675.3
15807.9
14763.5
15847.1
16366.6
15555.7
16115.3
15380.9
15709.2
16215.9
14632.7
15785.2
15356.7
14846.8
15646
14543.7
14914
16265.6
15596.1
15964.6
15602.6
15970.9
16143.6
15748.8
16395.4
15627.2
15900.3
15413.2
14770.5
15087
Time: 66.4089
-------------------------------------------------------------------
-------------------------------------------------------------------
15336.5
15213.5
16043.7
14672.3
15711.8
15477.4
15305.9
15929.7
15091.3
14936.6
16048.9
15925.6
15284.4
15105.1
16066.8
16670.4
14894.3
15599.6
14475.2
14978.8
15844.6
14647.8
15118.7
14925.6
15344
15578.7
15791.5
15945.1
16254.3
16190.2
15760.1
15518
15996.9
15445.2
16372.2
15775.8
16024.6
14899
15378.8
15389
14425.7
16303.6
15864.6
15939
15140.4
15381.5
15252.8
16012.2
15759.9
15770.4
Time: 58.0939
-------------------------------------------------------------------
-------------------------------------------------------------------
15855.5
19477.3
15882.9
15125.3
15354.8
16191.9
16343
15764
15965.3
16299.8
14701.5
16152.2
15686
15636
15970.6
15707.1
15927.7
16687.9
15886
16330.8
16109.4
15624.5
16804.8
16685.8
16128.6
16334.5
16469.8
15305.2
16346.6
15904.1
15955.9
15954.4
15604.3
14976.3
15470
14896.7
16857.3
16595.2
15644.2
15626.4
15345.4
15351.3
15133
16206.4
16441.7
15692.6
15227.7
15088
15980
16810.3
Time: 65.2962
-------------------------------------------------------------------
