-------------------------------------------------------------------
15672.8
15375.4
15570
16038.7
16366.7
16388.6
15475.9
15999.9
15824
15949.8
14917.7
15605.5
16223.3
16235.2
15691.9
15899.1
16104.5
16204.8
15793.3
15972
15728.9
16422.5
15637.2
15639.1
15731.7
16760.7
16279.1
15496.4
15945.5
16034.8
15522.2
15320.7
16650.1
16317.1
15639.3
15149.4
15870.5
16164.4
16379.3
16552.3
15463.5
16289.7
15811
15351.6
15571.7
16160.2
16708
15303.5
16156.8
16100.7
Time: 55.6643
-------------------------------------------------------------------
-------------------------------------------------------------------
15540.2
15185.9
15741
15212.8
16570.9
15790.8
15784.8
15828.8
15467.9
16026.9
15669.4
15262.3
15996.4
16251.9
15945.8
14926.6
15475
15662.3
16138.6
15893.5
15367.5
15719.7
16655.3
16420.7
16003.6
16243.3
15235.4
16350
15876
15625.2
16576.5
17089.6
15640.3
15487
15250.5
15660.8
16217.4
16105.2
15772.1
16060.7
15746.6
15110.4
15307.8
16342
16062.6
15167.3
16145.6
16414.6
15933.6
16640
Time: 54.9074
-------------------------------------------------------------------
-------------------------------------------------------------------
16189.5
15909.7
15964.8
17218.4
16499.6
15856.9
16625.6
15787.2
16539.8
16109.1
15920
15908.8
16394.5
15828
16799
16097.1
16748.4
15791.7
15845.7
15815
15825.3
15808.7
16075.8
16139
15899
16626.1
15810.4
16225.3
16639.8
16331.3
15833.9
16138.8
15863.1
15849.6
17217
15837.9
15941.2
16362.2
16373.1
16032
15993.3
16052.2
16550.6
15910.9
16083.5
16124.8
15942.9
16072.7
15804.2
16268.2
Time: 2.25161
-------------------------------------------------------------------
-------------------------------------------------------------------
18351.2
18313.1
18357.2
18292.1
18298.3
18278.1
18328.6
18328
18355.6
18485
18293
18436.5
18338.4
18529.3
18278.3
18304.4
18378.8
18400.2
18333.7
18368.7
18326.1
18334.8
18292.2
18319.9
18403.4
18403.7
18314.8
18316.9
18368.5
18321.1
18291
18293.3
18399.6
18331.5
18284.4
18342.6
18281.3
18311.1
18398.2
18320.7
18373.8
18372.9
18298.5
18275.6
18300
18538.5
18322.9
18354
18340.6
18344.3
Time: 37.0915
-------------------------------------------------------------------
-------------------------------------------------------------------
15848.8
15904.5
15802
15374.6
15614.3
15322.7
16282.9
15798.3
15578.8
16122.6
15465.1
15848.9
16190.8
15865.9
15875.4
17203.9
15515
15075.1
15692.8
15621.9
15510.4
16414.8
15591.7
14963.6
19331.4
15517.6
15673.9
15592.4
15287.2
15674.9
15097.9
16325
15591.4
16285
16236.9
15316.7
15455
15601.1
16048.9
16041.2
15199.1
15094.6
16081.4
15442.2
16835.5
15643.3
16069.5
16577.4
14904.1
15305.2
Time: 66.2148
-------------------------------------------------------------------
-------------------------------------------------------------------
16081.7
15272.1
15870.6
17170.8
15088
15954.1
15435.2
15961.9
15559.8
15864.2
15345
15717.7
15766.2
16210.4
15760.2
15863.8
15777.3
16437.2
15759.2
16212.9
15791.7
15978.7
15953.5
16338.7
15239.7
15373.9
15139.5
15274.1
16162.9
15513.5
15701
16041.7
15898.9
16646.8
15768.1
15765.1
16366.2
15774.8
15473.9
15871.5
16562.2
16282
15840.6
15692.9
15248.5
14917.5
16395.3
16337.9
15245.9
15366.3
Time: 58.0829
-------------------------------------------------------------------
-------------------------------------------------------------------
15913.4
16254.6
16540.3
14951.3
15512.7
15980.4
15566.9
15517.5
15472.9
15110.7
15871.3
15209.5
15950.6
15792
15142.2
19331.4
15409.8
15613.9
15977.6
15830.6
15307.3
15409.9
16668.3
15693.3
15365
15944.5
15845.8
15453.6
16492.8
15347.3
15565.9
15280
16058.9
15696
16056.3
16389.2
15888.4
15971.9
16030.6
16189.7
15433.7
15649.2
16531.4
15994.3
15269.3
16561.2
15796.2
15981.6
15883.6
16267.5
Time: 65.054
-------------------------------------------------------------------
