-------------------------------------------------------------------
16590.4
16092.6
16246.3
16221.4
15897.8
15674.2
15762.6
16013.2
15414.4
15016.7
16315.5
14720.7
15113.7
16055.4
15227.7
15775.6
16030.8
15902
15633.7
16917.6
15768.5
15645.4
16537
15658.5
16617.6
15236.3
15680.3
15363
15575.5
15273.1
15513.4
15326.4
15760.8
14433
15970.8
15894.6
15710.5
16244.2
16296.6
15503.1
15688.9
15821.1
17094.4
15805.9
15932.5
15668.4
16365.3
16602.7
15860.3
15091.9
Time: 55.8357
-------------------------------------------------------------------
-------------------------------------------------------------------
15321
14948.3
16509.4
15933.6
15959.3
15174.7
16084.4
16272.7
16881.5
15662.1
15851.9
15372.9
15148.8
16341.7
16172.2
14853
15490.5
15840.9
15535
15297.1
15477.8
15170
15668.3
14961.2
16129.3
14972.5
15029.4
15337.4
15167.2
15344.9
15253.2
15765.1
15915.7
16172.2
15832.8
16252.3
16268.7
16166.3
15141.8
16049.9
15485.6
15362
17012.3
16246.6
14900.7
16698.2
15826.8
15537.9
15579
15799.6
Time: 55.0038
-------------------------------------------------------------------
-------------------------------------------------------------------
16998.3
15655.2
15610.7
16446
16450.5
15784.4
16002.1
16001
16667.7
16966.7
15991.7
15922.7
15662.6
16046.9
15647
16713.3
15798.3
15851.3
15815.1
16450.9
15824.8
15898.7
15812.9
15799.1
15790.4
15786.1
16063.2
16394
16038.7
15726.7
16830.7
15674.6
15623.8
16319.4
15879
16118.3
15634.7
15659.4
16149.3
16406.3
16113.4
16016.2
15765.7
16158.9
15670.6
16312.3
16557.6
16043.4
15955.5
16275.2
Time: 2.29507
-------------------------------------------------------------------
-------------------------------------------------------------------
18367.6
18221
18293.2
18416.9
18200.6
18343
18178.6
18175.7
18190.6
18175.2
18253.8
18192
18234.8
18201
18190.5
18276.5
18146.8
18169.4
18269.3
18319.4
18200
18195.6
18248
18194.3
18218.8
18158.5
18185.5
18131.8
18145.1
18180.9
18154.1
18240.3
18300.7
18201.3
18282.5
18268.9
18171
18131.5
18177.8
18146.6
18144.9
18353.8
18305.7
18163.6
18354.1
18134.5
18177.8
18174.2
18407
18144.4
Time: 37.1219
-------------------------------------------------------------------
-------------------------------------------------------------------
16644.3
17066.7
15858.2
15911.1
14971.6
15569.9
15982.9
15482.2
16239.9
16407.3
15440.2
15521
16164.2
15620.5
16362.2
16333.3
16590.9
15701.4
15847
14694.5
16194.9
14995.7
15674.2
15681
19461.4
15562.4
16130
15742.9
16038.2
15012.6
16035.3
15250.2
15219.7
15972.3
15393.5
15626.1
15306.9
15965.2
15524.2
15407.5
15280.1
15544.8
15439.4
15702.6
14984.6
15132.2
15182.9
15498.4
15861.5
15602.3
Time: 66.3538
-------------------------------------------------------------------
-------------------------------------------------------------------
15832
15860.5
15727.9
15399.1
16239.6
16125.1
15624
15260
15660.6
15236.6
16052.9
14930.9
15387.9
15353.7
15869.9
15841.2
15140.1
15263.6
15319.5
15398.5
16346.3
15253.7
15527.7
16269.9
14992.9
15637.2
15905.6
15190.8
16334.8
16322.7
16278
15866
14760.5
15303.5
15258.8
15284.5
16024.9
15734.9
15187.3
15651.3
15959.2
15478.7
15292.6
14838.4
15445.4
16151.4
15227.3
16062.2
16260.8
16506.7
Time: 58.3729
-------------------------------------------------------------------
-------------------------------------------------------------------
15383.6
15006.7
15438.5
16234.7
16092.7
15394.6
15269.7
15301.5
15700
16333.8
15368.1
16987.6
15282
15504.5
14680.4
15222.3
15924
14839.9
15435.8
15306.2
16398.8
15458.8
14388.8
19461.4
16221.9
15415.8
16361.9
15984.9
15328
15039.3
15781.8
15699.7
15242.1
14991.6
15263.5
15456.6
15003
15464.2
14733.3
15028.8
15568.6
16581.1
14652
15160.1
16180
15415
14978.9
15897.1
15359.7
15639.7
Time: 64.7033
-------------------------------------------------------------------
