-------------------------------------------------------------------
15775.4
15747.6
16196.4
16672
16127.3
15646.7
16024.2
16847.2
15256.4
14738.6
15736.5
16187
15235
15990.6
16326.4
16825
16608.7
15980.8
15321.6
16618.9
15667
15793.2
16176
16413
15848.9
16533.9
16185
16488.4
16362
15769.9
15572.7
15944.8
16114.2
15630
16518.1
15455.8
16471.2
15787.7
15559.9
15245.6
16062.7
16739
15621.7
15599.5
15509.2
15834
16316.8
15164.3
16547.9
15295.5
Time: 55.6273
-------------------------------------------------------------------
-------------------------------------------------------------------
16864.6
16357.5
16199.1
16825.9
16802.7
16334.9
15386.9
16611.4
16251.8
15456.6
16098.2
15632.7
16661.3
16686.2
16310.7
15223.4
16227.5
16810.4
16757.8
16914.2
16237.8
15912
15796.5
16069.1
16462.4
16158
15897.9
15745.3
15687.8
16959.5
16024.2
15995.1
15715.4
16500.7
15530.4
15930.7
16059.9
16785.1
15538.5
16486.8
16344.2
15740.6
15600.7
16076.1
15744.3
16720.9
17012
16172.4
15240.3
16346.6
Time: 54.6015
-------------------------------------------------------------------
-------------------------------------------------------------------
16039.7
16543.9
16443.6
16943.3
15970.7
16455.5
16142.1
16536.5
16554.9
15909.2
16617.7
16299.4
16231.7
16565.2
15861.6
16547.8
15864.9
17116.9
16195.8
15949.6
16545.7
16942.6
16707.4
15962.5
15843.2
16186
15958.8
17005.9
16259.9
17434.2
17375
16434.5
15912.4
16023.8
16160.2
16362.6
15925.6
16431.4
16779
15942.8
15843
16617.6
16267.9
15833.6
17008.9
16069.6
16169.8
16235.7
15991
15950.2
Time: 2.31759
-------------------------------------------------------------------
-------------------------------------------------------------------
18539.6
18567
18411.9
18440.2
18418.5
18413.3
18423
18412.3
18546.1
18499.5
18454.6
18454.9
18524.5
18476.5
18497
18437.7
18644.7
18430.7
18413.4
18419
18440.3
18501.8
18466.1
18419
18419.2
18477.5
18448.3
18479.7
18435.4
18571.2
18421.6
18552.1
18415.4
18643.3
18473
18450.1
18480
18502.7
18414.8
18520.3
18428.4
18434.1
18458.9
18425.1
18567.3
18568.8
18544.5
18483.2
18512.8
18436.6
Time: 37.3094
-------------------------------------------------------------------
-------------------------------------------------------------------
16119.5
16144.8
16751.1
15679.9
15787.7
15363.7
15910.1
15730.2
15923.6
15394.4
15277.7
15680.7
16855.1
15478
15393.6
16040.8
15619.8
15825.5
16163.4
14909.2
16225
15514.2
16020
15741.8
15930.4
16022.6
15463.6
15816
15517.3
16118.2
15553.3
16423.9
15959.8
15739.5
15666.1
15383
16281.7
16716.5
16014.5
16206.1
16774.8
15965.6
15428.2
16787.3
16666.7
16362.8
16808.6
15602.8
19680.2
16319.4
Time: 66.7746
-------------------------------------------------------------------
-------------------------------------------------------------------
16051.2
15765.7
15889.1
15713.3
16784
16101.6
15307.2
15604.1
15277.9
15408.7
15466.3
15622.9
15537.6
16140.3
15257.9
15667.8
15037.4
15632.5
15682.8
16520.1
15652.4
15132.3
16267.4
16034.8
15181.2
15542.2
16432.9
16490.7
15399.4
15084.7
16788.1
16236.9
15853.2
16914.8
15574.3
15595.5
15762.2
16116.4
16120.8
16278
15705.6
15800.4
16268.9
15892.9
15506.6
15774.7
15457
16512.2
15745.3
17158.9
Time: 58.1866
-------------------------------------------------------------------
-------------------------------------------------------------------
15691.7
16005.7
15850.2
15207.4
16402.1
16726.9
16398
15824.2
16249.6
16364
15246
15717.6
15015.8
15205.9
17245.5
17579.9
16051.5
17296.8
16001.5
16498
19680.2
15390.2
16589.1
15685
16273.5
15583.9
16305.5
16530.2
15779.6
16044.1
15826.1
15874.2
15697.7
16235.7
16144.2
15669.6
15936
15974.8
16339.6
15776.2
16738.4
16141.7
15522.1
16417.8
16222.7
16564.4
15490.8
16210.3
16730.4
15624.3
Time: 65.1505
-------------------------------------------------------------------
