-------------------------------------------------------------------
15251
15423.2
15638.8
15082.7
16240.3
15401.6
15026.3
15938.4
15077.8
15103.5
15651.4
15877.1
15136.8
14924.4
15204.9
16157.3
15436.7
13680.6
15876.4
17040.4
14826
15122.5
15537.9
15209.2
15209
15166.4
16179.2
15113.2
15090.2
15655.7
14909.9
14917
15812.6
15618.9
15644.6
14973.3
14923.1
14900.2
15379.8
15730.2
15468.5
15660.6
16452
15096.7
15327.8
15727.2
15246.7
16282
16228.8
15496.7
Time: 55.8821
-------------------------------------------------------------------
-------------------------------------------------------------------
15857.3
15312.1
16539.5
15565.2
15432.9
15607.1
15150.9
15633
16349.7
16510.8
16279.2
15167.2
15457.1
16293
14961.3
15988.3
15497.6
15761.3
16003.3
15263.3
16120.3
16060.3
16047.9
15042.5
15489.3
16144.7
15528.7
15996.5
15326
15398.6
15808.7
15522.2
15650.9
16443.5
14682.2
15709.8
15928
15383.4
15235.7
15789.6
15324.8
16105.7
15342.8
15113.2
15296.4
15688.8
15953.9
15342.1
15137.3
15175.2
Time: 55.0808
-------------------------------------------------------------------
-------------------------------------------------------------------
15686.6
15695.3
15628.3
15598.1
15851
16731.7
16081
15776.7
15550.3
15506.4
16063.5
15856.6
16608.9
15696.4
16215.9
16096.6
15673.9
16135.9
16312.8
15804.3
15715.7
15583.5
15553.5
15827.2
16036.4
15762.8
15743
16456.8
16390
15728.5
15517.8
15603.8
16160.5
15749.3
16186.3
16485.7
16325.9
15576.1
15843.3
16480.7
15628.4
15922.6
15625.6
16025.9
15597.3
15829.9
16544.9
15832.8
15664.5
15616.7
Time: 2.21869
-------------------------------------------------------------------
-------------------------------------------------------------------
18355
18456.4
18369
18367.5
18437.1
18455.5
18354.1
18520.2
18455.3
18558.5
18373.1
18364.5
18479.1
18336.6
18380.8
18457.5
18353.8
18330
18370.4
18497.8
18356.5
18381.5
18396.3
18436.6
18424.4
18505.3
18353.3
18363
18397.6
18324.4
18408.2
18327.6
18463.3
18357.7
18346.7
18362.4
18326.1
18378.6
18337.7
18398.5
18337.3
18499.9
18470.8
18385.8
18421.3
18446.6
18399.4
18348
18359
18341.1
Time: 37.4225
-------------------------------------------------------------------
-------------------------------------------------------------------
15733
15346.9
15493.2
15458.9
15632.7
16852.9
16182.7
15684.7
15619
15464.7
15134.8
15123.7
19422.1
15714.4
16026.3
15472.1
15033.3
14864.2
15863.1
16939.1
15715.2
15590.3
16027.7
15977.6
15883.8
14935.1
15860.5
14808.4
15797.7
15387.7
15151.5
14856.3
15049.5
16361
16534.4
15129.8
16040.5
16003.1
15177.2
15849.2
15983.7
16168.5
15917.9
15344.7
15538.7
16042.5
16257.2
15777.5
15764.2
15767.2
Time: 66.8749
-------------------------------------------------------------------
-------------------------------------------------------------------
15528.2
15328.3
15527.7
15505.1
16258.7
15233.1
16107
15544
16137.1
15137.2
16138.9
15177.1
15410.9
15375.6
15826.9
15109.5
14707.9
15318.7
15707.8
16674.3
15134.8
15485.9
15213.4
15632
14376.7
15357.9
15381.6
14564.5
14767.2
15126.5
15840.3
14703.1
14902.9
16091.7
16002.7
15236.9
15054.2
15042.8
15470.4
15539.7
15588.7
15328.3
16108.8
16135.9
14946.7
16086.2
15760.7
15624.9
15933.6
15812.3
Time: 58.5851
-------------------------------------------------------------------
-------------------------------------------------------------------
16362
16209.9
15878.1
16343.8
15342.8
15841.2
15082
16215.6
15554.3
14958.9
16356.3
16264
15953.1
15088
14877.9
19422.1
14900.7
15338.7
16463
15298.4
15194.1
15726.5
16616
15284.9
15255
15359.2
15255.1
16273.8
15675.7
16497.6
16206.9
15691
16255.2
14657.9
15551.9
15371
15331.6
15357.7
15306.2
15873
16645.9
15714.6
14711.2
15056
16354.7
15287
15758.7
15506.2
15135.1
15323.1
Time: 64.9629
-------------------------------------------------------------------
