-------------------------------------------------------------------
15537.9
15623.3
15126.9
15640.6
15552.3
16025.1
15497.6
15398.4
15659.7
16288.2
15881.1
16131.5
16219.5
16261.9
16279.6
15618.1
16332.9
15542.6
16017
15783.3
16126.4
14770.4
15700.7
15800.2
15768.7
15379.3
16470.6
15645.4
16747.3
15282
16106
14888.2
16150.2
16402.2
16790.4
15362.1
15343.6
15518.3
15636.3
15889.9
15263.2
15723.5
15598.4
15009.7
14662.6
16130.3
15534.7
17277.5
15152.8
14971
Time: 56.1592
-------------------------------------------------------------------
-------------------------------------------------------------------
16383.7
15586.2
16112.2
15792
15879.5
15762.7
15842.7
16455
15230.2
15089
15603.1
15455.2
15978.5
16088.3
15841.9
15695.6
15636
15578.6
15465.4
16286.7
15954.4
15301.6
15605.1
15376.4
16517.6
15889.4
15871.7
15798
15844.2
16457.4
16296.8
14729.5
16896.4
16352.8
15479.7
16074.3
16261.2
15190.1
16339.1
15262.8
16277.2
15230.9
15647.4
15220.8
15538.1
14964.4
15548.1
15936.7
15283.8
15117.6
Time: 54.8546
-------------------------------------------------------------------
-------------------------------------------------------------------
15838
15721.5
16199.8
16185.5
15914.6
15896.1
16130.9
16287.6
15893.7
16793.8
16640.8
15992.7
16060.8
15955.5
15674.1
15899.1
16766.3
16234.4
15794.4
15974.4
15698.7
15807.5
15678
15814.1
17310.2
16011.6
16947.5
16941.6
17579.2
15854.5
16950.7
16096.9
16911.2
15792.8
15909.2
16493.1
15870.3
15824.3
17133.5
16545.1
15713.4
15802.5
15983.2
15838.5
16236
16148.5
16227.1
15779.4
16239.4
15922.8
Time: 2.30098
-------------------------------------------------------------------
-------------------------------------------------------------------
18420.2
18515.2
18383.3
18580.3
18355.2
18505.8
18391.1
18455.5
18460.5
18477.9
18492.6
18357.2
18397.3
18481
18381.5
18368.7
18437.3
18370.1
18374.9
18569.6
18425.3
18374.9
18360.6
18406.5
18378.8
18356.9
18387.5
18581.7
18429.8
18485.2
18402.5
18371.1
18628.7
18401.1
18425.4
18360.6
18392.9
18389.7
18358.5
18451.1
18412.1
18381.8
18504.3
18460.8
18452.2
18427.1
18364.3
18597.2
18448.8
18524.4
Time: 37.2535
-------------------------------------------------------------------
-------------------------------------------------------------------
16305.7
16731.1
15369.5
15712.1
15316.4
14993.2
16859.2
16101.7
15427.4
15012.2
15372.2
15915.7
15774.2
15868.3
16221.5
15159.9
15702.1
19458.6
16157
15929.8
16400.8
15876.4
15127.3
15745.6
15685.4
15692.4
16634.9
15454.4
16210.9
16524.6
15998.6
16306
14677.6
15607.9
15511.1
15603.2
16055.3
16529.8
16114.3
15605.3
15806.4
15491
16061.1
16468.6
15016.7
16241.5
15796.9
15432.2
15709.9
15220.3
Time: 67.0075
-------------------------------------------------------------------
-------------------------------------------------------------------
15489
15746.2
16138.5
15274.4
15341.4
15993.9
14989.3
14970.2
15671
15493.8
16694.1
15434.7
15307.8
15828.4
15433.2
15591.8
14723.6
15192.5
15840.6
14859.6
15463.6
14934.6
15293.1
14991.9
15808.7
15960.7
15243.2
16325.8
17050.2
16458.6
15572.5
16216.2
16068.1
16649.6
16397.1
16145.7
15419.6
15032.3
16320
15599.1
15558.4
16185.5
16426.5
16149.7
15000.7
15406.5
15646.1
15910
14939.4
15434.4
Time: 57.9245
-------------------------------------------------------------------
-------------------------------------------------------------------
15447.8
15418.3
16336.8
16783.4
17008.1
16267.6
15556.3
16701.5
15615
15792.4
15675.6
17103.9
15001.5
15720.3
15526.8
16261.3
15825.1
15514.5
16264.5
14812.9
15637.4
15585.7
15547.8
15642.6
16629.5
16261.5
15429.3
15491.7
16121.4
15360.2
15257.2
16169.5
16274.3
16183
15493.5
16720.1
19458.6
15931.1
15323.8
15510.2
16921.3
16395.1
15475.1
15766.5
15690.5
15030.1
16585.1
15981.8
15727.1
16528.8
Time: 65.4564
-------------------------------------------------------------------
