-------------------------------------------------------------------
617085
599114
599950
610670
612155
625583
616023
632975
635880
586973
598018
635905
587821
622082
587144
582506
605417
628685
631171
672539
586625
615428
617599
605101
624770
606505
616530
616597
646603
594226
611411
599482
589608
603959
606512
619804
621471
640723
609491
589090
626828
605587
608732
588771
606732
597578
636754
604312
640529
603293
Time: 54.8086
-------------------------------------------------------------------
-------------------------------------------------------------------
610641
624197
599707
609158
628209
625401
611313
576557
614535
634796
629690
599740
627858
636121
617099
590483
607026
609138
603081
581817
605106
595549
645598
627831
641427
642962
611051
600515
613038
595664
626544
623983
585014
599631
605473
586538
592965
611435
638196
585185
651535
631798
619912
599696
598669
586561
651910
611986
600783
628919
Time: 53.6042
-------------------------------------------------------------------
-------------------------------------------------------------------
637853
634300
632509
609904
610106
607723
629091
631529
641360
609259
626780
641767
616367
626054
611134
619089
624560
615143
622589
651680
665512
622510
624434
624699
638746
608531
611318
613602
639931
610264
624433
618405
606686
625058
626093
623492
619573
624911
624300
606842
606391
625961
618899
613202
607217
623170
607518
610604
617961
611068
Time: 2.2667
-------------------------------------------------------------------
-------------------------------------------------------------------
692885
692387
689007
687031
695360
691186
688934
685093
685183
683899
684827
684500
684348
692161
687295
683355
687716
695428
685620
683690
688337
696663
692779
684475
697220
688414
690516
684500
683519
686154
687584
684746
688260
685750
684465
686101
688688
684455
689023
685379
687416
687727
690527
684234
685192
692071
695616
685276
692006
687999
Time: 39.9941
-------------------------------------------------------------------
-------------------------------------------------------------------
631977
588827
624870
634960
616312
601905
598286
600357
649439
773115
604118
593191
588004
607329
603497
573410
619998
636342
595069
609939
631038
616057
625471
588651
622960
589750
622108
610592
614665
626030
604004
607175
594721
656421
598135
640199
607712
627788
591559
617068
581442
620134
605421
591013
596903
613182
597591
625339
605536
607879
Time: 64.5421
-------------------------------------------------------------------
-------------------------------------------------------------------
621415
614346
613689
623430
611901
611906
615029
610694
600202
589140
582957
623014
610356
641944
613377
630368
599254
602322
612563
607166
595977
625348
605739
600395
612418
650879
631237
595369
597953
617499
629970
598019
621449
598009
576116
621817
589822
622974
606528
642833
600460
603155
617415
633487
648394
644496
642982
602254
614706
595782
Time: 58.7169
-------------------------------------------------------------------
-------------------------------------------------------------------
620072
599226
647319
625591
591455
630881
607665
611069
590333
586231
594048
629414
581416
590505
596047
593011
587410
629348
578799
610622
763464
645967
604164
659781
612306
626410
588123
597456
614208
589963
610906
605778
595068
617351
622406
626846
604986
624666
622751
606636
600763
611815
630967
615191
598338
632275
622388
639141
621817
642159
Time: 63.5648
-------------------------------------------------------------------
