-------------------------------------------------------------------
630021
628460
647104
605159
590148
598947
612351
611133
607095
624461
625769
675110
604324
613757
641327
625723
644041
637597
600607
590446
609300
618133
587027
618684
606290
587445
575743
602635
604766
610700
610156
588893
590401
643425
588677
615069
600921
617502
620292
588836
634716
623067
618811
599086
645109
650446
605683
628250
652417
635558
Time: 54.7956
-------------------------------------------------------------------
-------------------------------------------------------------------
593136
647852
589088
625937
602518
603532
622469
592762
608325
616371
630695
616797
618072
586344
597847
612651
597535
635941
587122
623234
628523
625892
623874
620105
628686
640463
623349
602523
605626
635207
602140
607888
621074
651451
650482
617419
610592
612704
649278
621403
612478
599089
621629
612014
608657
651305
635407
605178
634477
598284
Time: 53.3912
-------------------------------------------------------------------
-------------------------------------------------------------------
625173
622579
614267
621627
617154
616043
619807
624782
632407
617385
646934
642361
621548
613084
635415
618488
636466
658263
620355
625247
633441
624696
618298
617462
619780
639502
657181
616664
614841
636279
626787
621856
633476
620085
619594
625376
642700
620118
612588
626633
615023
627442
627535
623284
623022
631204
620867
672801
624967
633923
Time: 2.25333
-------------------------------------------------------------------
-------------------------------------------------------------------
681690
682129
682945
683599
683359
687553
689255
686178
681694
686579
682185
681948
682799
681276
687482
686131
692808
692226
683984
686418
681226
682920
687108
685738
681537
688837
681541
686319
681148
683835
684131
688780
683035
687144
681533
682611
684826
684158
681243
682774
683061
686409
683972
682997
686201
683081
688227
682044
681733
684391
Time: 39.4784
-------------------------------------------------------------------
-------------------------------------------------------------------
627391
607264
645975
594123
588147
598407
595460
612626
651592
642854
604768
619525
612278
640138
660255
619947
591937
632368
594056
629619
586707
615520
593097
633751
610508
636776
613307
613812
619370
617173
600971
628709
657284
626811
652711
593990
772155
578321
615558
636833
621928
628645
612568
630388
637607
607808
633667
637610
635079
629228
Time: 64.5837
-------------------------------------------------------------------
-------------------------------------------------------------------
593457
617414
644739
622065
602405
649776
609576
581153
615638
585764
599912
656290
599653
600529
625016
609476
613446
615613
599937
596148
614117
590538
592546
621297
608803
631489
606494
644951
628667
585565
606044
612392
586300
627925
584842
604799
609408
632379
605301
595896
626516
591987
605857
616813
628034
633944
596940
603047
598404
593440
Time: 58.7518
-------------------------------------------------------------------
-------------------------------------------------------------------
625898
627086
631013
636491
598544
608913
628500
611652
599622
768279
584298
612723
601553
640073
599616
598511
583448
602768
615839
636627
628919
597848
603606
651345
590620
581911
615740
599332
650128
593643
637182
592198
604126
595131
652558
603795
633157
627223
619969
602210
603989
618545
616024
627026
595239
616943
603517
606190
632980
602332
Time: 63.6573
-------------------------------------------------------------------
