-------------------------------------------------------------------
645510
631971
633405
622511
606688
637346
641525
622796
625635
626885
622705
597004
645858
627160
587858
609192
618238
667243
601635
647542
615357
612220
611084
612103
604059
598159
598829
646544
583095
589478
597520
645047
590305
601470
637874
591859
643837
604868
599671
613439
610517
614197
621149
620032
611579
612765
610792
618066
660018
638672
Time: 55.2023
-------------------------------------------------------------------
-------------------------------------------------------------------
610348
632403
623671
626876
609973
591239
614469
603646
669302
611113
618966
628232
614912
604040
637350
619030
657207
599274
624100
632000
637343
608334
602586
617049
605480
631768
599981
630544
636886
628574
606202
618790
612913
630134
633005
633161
610450
603791
606883
618940
644934
625434
649205
622057
599718
645704
607631
598276
626903
614611
Time: 53.4743
-------------------------------------------------------------------
-------------------------------------------------------------------
624106
613789
614713
649568
614408
616293
620838
635481
620439
668189
620495
619366
624759
648010
647660
632231
636844
613897
644955
613513
630053
627633
633184
615347
618160
622842
616241
614697
628227
638076
621230
617195
634246
648000
663739
622947
625309
630363
615136
615367
636660
616181
613942
639531
625351
619387
654301
641778
657897
619574
Time: 2.24239
-------------------------------------------------------------------
-------------------------------------------------------------------
678460
679389
681763
685644
678791
679550
686482
678917
677461
688304
680469
679747
678752
677109
678816
678337
679493
682758
678462
680117
676795
685715
677830
682705
676777
683279
683666
677380
680894
677180
677165
680364
685029
678637
685636
679072
684919
677353
679400
685429
680305
677924
677765
677604
682454
679630
677286
677216
679396
682719
Time: 39.9465
-------------------------------------------------------------------
-------------------------------------------------------------------
652578
594807
592769
624607
613561
635246
632022
643823
599670
639261
603235
602540
596829
615572
619427
650416
609135
588541
609095
614278
590858
578658
658634
605384
652878
593430
774847
636974
615726
612156
631118
626937
626377
612609
691035
621881
599732
618764
646006
622135
595440
592414
624828
601665
614828
627179
609142
618087
610314
599931
Time: 65.2271
-------------------------------------------------------------------
-------------------------------------------------------------------
625026
614914
637676
593403
599195
615715
611886
645429
605753
605218
623804
634540
636070
598106
628417
661764
602216
597629
600521
629976
640495
598471
617067
601918
594266
625084
593557
591635
606858
605419
609855
618570
626790
595585
641457
630588
622415
619026
620031
646388
615996
626824
613704
644564
632362
598056
629895
640472
646009
596847
Time: 58.0139
-------------------------------------------------------------------
-------------------------------------------------------------------
599195
614405
606245
603824
616509
623282
604754
641610
606121
640196
616856
608188
595175
586582
638746
647483
611516
623102
638166
619741
606925
617381
648316
616107
639320
614122
604790
630384
610045
618246
627697
628412
652743
606684
603906
651288
592670
606159
643235
644267
621218
639933
614983
635837
609530
642398
768835
618497
630986
609929
Time: 64.364
-------------------------------------------------------------------
