-------------------------------------------------------------------
621521
633457
602860
599842
625455
626761
628324
625373
629921
642574
626037
621739
598613
643519
592778
599051
626546
613446
621208
613561
609504
578107
594253
599938
637762
599990
614435
604681
603282
615101
640577
592530
620448
611243
612420
607209
610447
620845
639267
602477
585553
617372
613225
633372
626556
618209
627738
606357
595105
620376
Time: 54.9558
-------------------------------------------------------------------
-------------------------------------------------------------------
624004
650076
586728
605428
600656
604862
610973
610666
609596
632358
590595
608835
640862
637729
581374
627150
631921
606348
627839
650733
613351
623567
612728
624830
615424
624532
627668
591025
591921
590311
644665
640809
604347
605935
649828
601492
639910
584234
617617
620783
591407
613659
656812
607285
623465
618193
594929
591344
603926
593791
Time: 53.4414
-------------------------------------------------------------------
-------------------------------------------------------------------
618701
611651
629199
616231
626247
613872
622970
626426
649263
652040
652890
622541
616964
639282
634555
670314
654341
617952
618413
617739
632096
612261
613994
612647
612084
620305
639820
624047
642862
668093
612318
619716
622723
614824
622640
644282
639604
650542
627331
627099
626913
645349
630495
634793
612473
639185
646513
618925
621757
642944
Time: 2.34552
-------------------------------------------------------------------
-------------------------------------------------------------------
686325
683471
684017
686280
687014
684005
683639
683994
683688
692375
687756
685428
685224
686045
695508
691952
682951
685422
688141
688457
683403
683314
686008
684564
684417
684913
690720
686165
684725
683031
686705
684825
685247
697346
683531
692817
686357
698095
683502
685452
682900
688589
684118
689147
687257
684769
687207
683713
683136
685076
Time: 40.1267
-------------------------------------------------------------------
-------------------------------------------------------------------
599071
573187
602348
655005
631644
601543
635136
609230
608805
602750
610753
660840
592559
616272
602428
594530
607393
629556
653382
627304
615911
605196
643795
615242
591082
621979
620450
609803
610905
613540
613820
587649
615310
648932
616856
630921
627424
598167
611536
771486
644874
611283
623963
629168
605219
613731
620219
613432
592282
599503
Time: 64.7868
-------------------------------------------------------------------
-------------------------------------------------------------------
613608
611692
614370
636568
653957
599885
607258
610018
590364
614326
612091
596624
610421
629531
637588
606515
634880
619856
623055
619922
582552
618647
615656
617523
661181
618166
609407
646615
604817
609652
607370
615004
625235
611841
604808
605013
642111
637509
594347
603796
600114
579943
610776
618538
613537
581086
616090
641661
637366
602582
Time: 58.3612
-------------------------------------------------------------------
-------------------------------------------------------------------
619961
620111
657850
636539
632178
614738
614650
598158
770494
624299
593998
616106
650795
628222
626921
667139
600594
649507
639218
588162
608200
618497
611190
628480
606812
602605
620986
605513
620311
619725
654441
606457
606527
619961
600984
607496
608482
592652
608882
628918
623973
640188
625543
594681
608568
622832
584587
596528
597007
628623
Time: 63.8528
-------------------------------------------------------------------
