-------------------------------------------------------------------
615668
609942
595987
585418
614594
598200
648243
609800
629182
610493
627408
617081
603950
606267
607721
579107
618371
600671
614068
599643
616186
605715
609346
652834
602986
606897
599759
618380
623035
629040
611755
652168
601331
586205
590483
582599
613220
604121
609145
615080
592577
610268
631732
630368
612280
643211
589485
593666
606574
606249
Time: 54.7071
-------------------------------------------------------------------
-------------------------------------------------------------------
621056
604796
589740
627736
603007
600166
628371
617104
621429
650209
612550
654274
594843
579361
610072
576089
598930
611320
581959
592768
588182
633325
584242
592626
586349
589517
590373
617529
622500
639682
614342
619957
589733
597168
618941
632432
616934
599817
592022
618910
616709
596794
637797
598998
603806
604369
602718
614289
631811
589857
Time: 53.3331
-------------------------------------------------------------------
-------------------------------------------------------------------
614106
626811
619937
641205
611905
626328
619414
630193
660974
618669
640782
612537
612246
625836
614428
632879
627221
651221
625572
642262
613389
627322
612607
632127
620856
611396
614918
658829
613685
648389
620146
649857
620119
629574
618279
625067
616949
661527
624983
634422
621297
621816
648146
619738
653058
648025
619000
617506
646821
631589
Time: 2.28002
-------------------------------------------------------------------
-------------------------------------------------------------------
682869
679741
674513
673795
673752
675568
674917
673814
676921
675823
686949
676969
675507
675948
675058
676590
676804
673297
673985
679436
680013
674266
676337
682198
674713
677190
675872
673866
681782
679627
675362
681232
676845
673821
676252
674392
674170
673724
681614
682203
676611
676244
676418
682164
674370
676413
679200
675998
677054
680522
Time: 39.308
-------------------------------------------------------------------
-------------------------------------------------------------------
610188
603517
616123
656057
601233
633220
585427
609871
621463
647342
599055
639223
620168
588255
631776
615971
597728
609002
617210
632223
773499
648289
593652
584005
631460
625366
624792
622800
622048
633934
604795
635510
577820
604513
606374
600508
598843
603084
633578
613366
636768
586187
599334
636686
625142
606242
612038
620088
617767
603540
Time: 64.8381
-------------------------------------------------------------------
-------------------------------------------------------------------
634811
621649
610063
667842
614557
618924
616043
601485
625245
614201
621785
611160
593552
614796
580728
603954
623529
600370
606513
649787
618344
639759
607042
592066
603365
598578
610740
599560
620427
597035
608738
604733
595144
638316
600448
603587
617021
626995
614060
629359
619228
627693
635822
622568
666403
638395
634322
635792
626555
630308
Time: 58.1513
-------------------------------------------------------------------
-------------------------------------------------------------------
644614
626142
628297
587393
615106
768197
610652
612268
589462
632318
625497
628362
603126
611503
637741
610736
596583
608187
645271
622885
619142
620682
636425
629988
625952
612753
629953
593623
596489
649032
603236
611110
616406
628964
635123
597750
616954
623841
603749
628372
618201
622947
619753
659100
612973
639778
612848
609900
595080
618984
Time: 63.7584
-------------------------------------------------------------------
