-------------------------------------------------------------------
601804
647850
596162
660697
661482
612075
620186
614513
621122
643684
635971
636329
591765
602215
657036
608251
594500
623373
596895
603884
625858
600177
621436
592107
597633
648273
624570
613744
610522
615862
597107
610431
583969
605329
590103
603454
639553
610066
628058
613985
641393
643245
623269
589613
599067
622734
607730
624117
629972
614976
Time: 55.1493
-------------------------------------------------------------------
-------------------------------------------------------------------
597933
613364
604068
581794
607572
612598
631567
614667
614979
636071
598220
635161
599860
605360
608325
615258
609378
608465
617717
596666
586649
621707
616740
633123
607221
614775
610515
617586
604348
642658
599563
625741
600636
641574
575844
618427
608721
655162
629299
619385
585454
601914
622135
606235
599974
600017
603923
607204
615654
620955
Time: 53.296
-------------------------------------------------------------------
-------------------------------------------------------------------
612628
635455
656577
618263
613813
637682
627434
623072
617778
639918
618933
614004
612148
619919
618808
671692
614817
614408
624143
614017
640881
620654
612925
627972
622383
645853
678926
634604
643271
631423
620407
624936
621284
622515
621501
620527
618655
633064
616630
661285
615561
617018
629852
679236
630297
613376
654413
615500
656648
615247
Time: 2.27247
-------------------------------------------------------------------
-------------------------------------------------------------------
687407
676295
677950
681249
676069
678039
677990
680908
677144
678107
675822
675264
675442
681201
679548
677059
675162
681586
679212
676559
677904
675675
675202
677604
675967
689470
680948
675792
680099
677766
675162
680353
676584
681687
677417
678091
676942
681616
679838
674747
677882
677529
675152
677707
679258
675294
680417
675386
675092
677004
Time: 40.1277
-------------------------------------------------------------------
-------------------------------------------------------------------
601757
601070
602566
608630
640656
625097
633244
607886
602335
602989
640208
605094
645933
599655
614668
615476
621018
638587
635701
591989
599637
604866
612814
624644
621182
621086
647003
617441
608377
594818
620788
616612
596821
633882
773894
600984
647189
614401
615016
619863
609248
610025
633232
600450
586444
631027
596479
644871
679039
612021
Time: 64.6465
-------------------------------------------------------------------
-------------------------------------------------------------------
627773
594217
587980
594449
599382
600444
632968
592002
581772
645560
606499
614624
605288
622284
641783
595440
621088
644732
592054
612990
594447
583552
590603
651947
661053
615867
594972
589880
630046
628419
619598
607043
631980
625726
622063
617054
624253
605319
597753
601591
625909
630860
617455
601667
613401
617765
595971
667442
609013
583757
Time: 58.3565
-------------------------------------------------------------------
-------------------------------------------------------------------
612570
623453
766005
566404
587106
621322
626801
606134
614296
615590
598550
620342
636871
667077
634336
612684
595829
624548
589723
589982
593068
610880
589478
591870
644796
644964
642277
589635
627545
598968
611255
622633
631414
614982
619205
645062
617483
601544
585878
639032
609935
624441
654252
599381
634021
630928
623359
595401
607964
635932
Time: 64.0832
-------------------------------------------------------------------
