-------------------------------------------------------------------
593356
617731
645475
630197
619137
618331
608999
682790
601371
628426
607640
633895
593693
606774
607901
623010
632724
605062
584039
616921
638898
607077
609851
640220
625234
633208
636991
585570
661796
625578
583359
610398
628549
653305
646223
626701
643682
616784
645415
647826
594300
605240
634078
613853
588581
618752
638442
619363
630712
631036
Time: 54.794
-------------------------------------------------------------------
-------------------------------------------------------------------
627178
624324
596647
630530
615472
613014
616800
620871
603309
609540
599600
635146
606536
595369
604704
601153
638448
607624
636088
625470
633005
593298
624850
605981
613231
597424
619702
604915
610884
621298
601995
622532
607340
625829
609500
644276
607766
593713
599743
615234
603875
625106
624436
638984
590820
599226
621331
627741
632008
638373
Time: 53.4995
-------------------------------------------------------------------
-------------------------------------------------------------------
628332
660417
615804
624198
626224
626106
622278
622606
622714
632954
638988
643092
641374
629684
620584
617125
636465
615377
617700
618842
614664
629138
621958
617585
629626
624097
622056
659042
620826
644894
646868
622795
634376
626557
618944
654624
617626
648532
613899
625988
642644
620280
642639
626690
615991
628104
616774
627798
622656
616474
Time: 2.27235
-------------------------------------------------------------------
-------------------------------------------------------------------
684790
681300
680587
685261
689826
682497
693174
680625
682661
681890
681558
681130
682402
680676
687189
682176
680934
680926
680762
684085
679885
684558
686429
681973
680674
685312
681162
684191
681022
680328
680723
690269
681564
681102
680631
682926
679930
680316
680985
683465
681524
685775
686982
684698
681141
682335
684980
681866
685554
687824
Time: 40.1975
-------------------------------------------------------------------
-------------------------------------------------------------------
614428
631596
626336
615185
609073
632818
620865
592335
638416
628171
600673
617498
622050
618248
609217
609340
628285
595086
573522
778498
639624
601734
633102
605099
615030
604522
610125
602968
595454
637733
624377
594179
639859
625795
595010
608394
643840
601778
614830
637814
607355
621665
603459
599572
620913
615625
609869
628224
607104
592029
Time: 65.475
-------------------------------------------------------------------
-------------------------------------------------------------------
596023
636664
606425
638209
634784
602717
597991
630158
611004
612975
669551
620556
606092
584061
640310
620801
598232
599100
623096
598176
617226
593251
619510
603233
603005
604942
595664
601374
613350
606469
662804
621851
647126
617638
633831
620811
604207
592308
599959
622322
606452
615945
616941
598442
660690
613916
614347
626930
586071
632892
Time: 58.8595
-------------------------------------------------------------------
-------------------------------------------------------------------
596866
605883
658049
618351
601243
621072
633691
614124
593804
635295
637431
592939
589564
603060
611891
600480
638152
616048
623013
614950
585015
605219
602679
618595
620031
647599
617314
654303
621794
588218
629112
616142
600965
612536
594320
637154
598381
593678
619717
612512
665428
610457
609476
633094
613683
630358
639806
604128
583204
771639
Time: 64.1942
-------------------------------------------------------------------
