-------------------------------------------------------------------
604744
640102
604959
604951
621950
625715
609340
602456
608068
646700
625689
605163
614210
655212
660465
599053
591646
654734
610102
588739
638666
589188
633890
589455
611600
605428
628500
617948
635099
604765
615180
589693
596755
604652
627746
626388
641576
640170
635290
610261
633084
622581
599591
608998
593897
635883
645099
623300
600554
615538
Time: 55.3315
-------------------------------------------------------------------
-------------------------------------------------------------------
604408
639248
624606
614465
602571
604329
584331
619348
619400
615829
587848
591551
605541
608039
610864
599429
643385
631929
641906
635597
601315
603742
622595
625788
610949
608004
638908
628444
612025
600543
625025
611052
619121
603635
624714
609757
593563
596963
624202
625859
597077
630931
597241
671424
617589
612041
595419
599169
650066
649141
Time: 53.231
-------------------------------------------------------------------
-------------------------------------------------------------------
632075
613244
618115
621105
611976
615876
616836
634536
614198
642479
613122
616188
620806
632248
611950
620410
622254
625035
667066
632235
654821
618876
624762
618994
616077
624762
622969
616248
622014
633515
652517
621771
635564
625328
631719
617435
612589
614783
625869
624992
624440
622720
615746
624282
627424
614301
617162
618049
616477
638485
Time: 2.25583
-------------------------------------------------------------------
-------------------------------------------------------------------
674367
674805
674561
680563
687428
681454
677402
677398
677435
681607
685873
685910
675329
675704
674811
678293
677820
680542
678493
678208
673974
674623
675962
674492
680374
674082
675637
679811
677588
675934
675880
676085
675102
681349
677715
675414
675290
673448
676001
679826
680667
682009
675429
677715
673519
677504
675414
674626
681085
674418
Time: 39.4028
-------------------------------------------------------------------
-------------------------------------------------------------------
600470
627416
605433
590593
590450
638494
773335
600943
602273
628843
600198
591109
609711
617724
636961
605562
623446
618968
620554
600610
619566
604420
603202
616994
625019
601688
612441
624669
605041
616109
598715
612243
611241
617004
616165
597473
622723
619228
600637
607535
613334
599943
631063
599208
637769
608446
580687
618079
625411
615936
Time: 65.4868
-------------------------------------------------------------------
-------------------------------------------------------------------
595762
628404
614116
650720
602693
596793
646207
613038
587253
599747
585959
618506
612686
607698
610731
654069
599126
611657
594024
623486
657999
616304
603003
594692
629775
596850
611487
601599
590487
620529
635199
626123
619019
622595
606529
607869
614480
604424
616693
588215
606464
618272
638348
617896
637030
597721
593229
593159
631777
624643
Time: 58.2354
-------------------------------------------------------------------
-------------------------------------------------------------------
623037
621628
609678
648452
623096
592275
604022
604328
638050
609608
617093
606898
764452
673721
612607
606852
592958
636193
607421
597747
621483
591760
593483
599487
636187
636467
629897
601062
639935
595456
633900
634099
601325
606467
602840
607666
640436
589967
650157
631518
597103
609523
600205
603490
627661
618784
617440
598884
570216
587000
Time: 63.6205
-------------------------------------------------------------------
